-3.830865585807791129e-01 8.873308988423147525e-01 7.200305552687457089e-01 -1.083015325147526631e-01 2.049928887908873953e+00 2.242849911429934673e-01 -1.752068059947409440e+00 -1.082903724786593358e+00 -3.612859227603940071e-01 7.455420349876814567e-01
-3.973990614547502909e-01 1.121006271910277796e+00 -1.388106279876082372e+00 -2.422102779069359724e-01 -1.837023785656812125e+00 -2.100745839667710058e-02 -2.655892405682548363e-01 1.500995963026616475e-01 -2.171948689338734084e-01 -2.050476953319016193e-01
-1.380075443214770381e+00 -1.209055116647876904e-01 2.155305040454378873e-01 3.604854919880379985e-03 -4.283330209433157121e-01 5.160204457074599738e-01 -1.290122722387743393e+00 -1.534034098613445973e+00 -8.736593822396748754e-01 4.861613908451505317e-01
4.112899099697893135e-01 -4.004617497308102236e-01 -2.043264175851998488e+00 1.374278700734179015e+00 -5.035125794127270904e-01 6.403917395310857463e-01 1.044889500465984167e+00 1.509238530490054853e+00 1.341239939343475962e+00 -9.860345777476704487e-01
1.952708651601799961e-01 -8.901017134965272248e-01 -7.782002680076400836e-01 5.268084239880426178e-01 -3.150384909964577124e-02 -2.083433600021654453e+00 8.209790136544743433e-01 -1.329109775803086979e+00 3.990770202823972768e-01 5.111399634162140659e-02
-4.592926302615816248e-01 -2.093641102545772625e+00 -2.266435934080255898e-01 1.686942125248589441e+00 -1.568440225489601270e-01 1.173589754262156365e-01 8.103847440222524678e-01 2.255009274900095922e-02 -2.114696164794682975e-01 1.623874201115092231e-01
-3.827210305375122190e-01 -1.308508164590415968e+00 -3.168778411077705082e-02 1.328827398654584303e-02 2.141139214896208842e-01 9.318014718906847405e-01 -4.820001776873727994e-01 1.419304761126091163e-01 1.303719874050702776e+00 3.713175366553485568e-01
-1.958714449989017226e+00 8.755956571639070818e-01 4.525653740594797192e-01 -3.332255402280073220e-01 -1.584388963262643779e+00 -4.601266513071223252e-01 1.461470852060446468e+00 -1.299313866456487165e+00 5.134234331403293439e-01 -7.776930853880215100e-01
-3.387323933815172272e-01 -5.159991428284569359e-01 -1.729773844077884482e+00 5.923990030913510729e-01 9.309513366436863446e-01 -2.138695397473855841e+00 -8.722241883435715160e-01 -1.519186287492069631e+00 -7.520153111043408056e-02 9.293755162768078115e-01
-1.682986825748819637e+00 1.174933032293745905e+00 -1.800043307045400720e+00 -4.299330744792125292e-01 -7.239583374657750925e-01 -1.427154029807813806e+00 1.565662246254043266e+00 7.717565289470093015e-01 1.450839355098655137e+00 -1.562703011725672178e-02
